11010110010101010011000000011100
00001111000001000001100000110000
00101000000000001000000001000011
10000101000000101001001010010000
01010000100010000000101000010010
01001011010100000101100100010101
01000000011100011100000000000010
10000100001001000000101101011010
00100001000000000001000001101010
01001001000010000100100011000000
00101101001100000001011001001000
10011000000000010101000001110111
01011000111001000110000010011000
10000000011100010001100010000001
00100011000000001000100000100101
01100001000001000000000000000000
00011000000110001001010100011101
01000001000000011111000110010000
10000110010001010000110011110111
11010001000010110100000011110001
01000010010000010100010100000000
10001100010100001100000000000000
00001010100100100010000000100101
00000010101000100000000110001001
00110000101000000110000110000110
10000000100101100000100001000000
00001110010001000101100010010100
00001000000010111001001110010101
10100000110011010001110001000000
01000110010000010000010000000100
00111000011101000000110100101101
00011100011100000001110100000000
